[hoja Cuadro 1.2.116]
Censo Nacional de Población, Hogares y Viviendas 2022
Cuadro 1.2.116. Provincia de Buenos Aires, partido San Isidro . Población en viviendas particulares por condición de asistencia escolar, según sexo registrado al nacer, edades simples y edades quinquenales. Año 2022
Sexo registrado al nacer y edad | Población en viviendas particulares | Condición de asistencia escolar
Población que asiste | Población que no asiste pero asistió | Población que nunca asistió
Total | 295978 | 91976 | 194668 | 9334
0-4 | 13748 | 8668 | 430 | 4650
0 | 2309 | 313 | 120 | 1876
1 | 2537 | 849 | 105 | 1583
2 | 2723 | 1712 | 86 | 925
3 | 3005 | 2718 | 68 | 219
4 | 3174 | 3076 | 51 | 47
5-9 | 17947 | 17567 | 259 | 121
5 | 3309 | 3241 | 43 | 25
6 | 3433 | 3372 | 39 | 22
7 | 3717 | 3628 | 60 | 29
8 | 3748 | 3670 | 53 | 25
9 | 3740 | 3656 | 64 | 20
10-14 | 19693 | 19160 | 425 | 108
10 | 3747 | 3680 | 46 | 21
11 | 3953 | 3859 | 75 | 19
12 | 3985 | 3872 | 90 | 23
13 | 3963 | 3845 | 100 | 18
14 | 4045 | 3904 | 114 | 27
15-19 | 21139 | 18138 | 2880 | 121
15 | 4059 | 3883 | 145 | 31
16 | 4273 | 4105 | 147 | 21
17 | 4386 | 4043 | 327 | 16
18 | 4326 | 3325 | 977 | 24
19 | 4095 | 2782 | 1284 | 29
20-24 | 19947 | 10480 | 9225 | 242
20 | 4016 | 2533 | 1418 | 65
21 | 4038 | 2432 | 1556 | 50
22 | 4067 | 2176 | 1849 | 42
23 | 3951 | 1810 | 2108 | 33
24 | 3875 | 1529 | 2294 | 52
25-29 | 18393 | 4843 | 13280 | 270
25 | 3916 | 1314 | 2541 | 61
26 | 3670 | 1057 | 2558 | 55
27 | 3741 | 975 | 2709 | 57
28 | 3570 | 779 | 2747 | 44
29 | 3496 | 718 | 2725 | 53
30-34 | 18381 | 3141 | 14956 | 284
30 | 3846 | 750 | 3048 | 48
31 | 3549 | 654 | 2832 | 63
32 | 3704 | 629 | 3016 | 59
33 | 3648 | 568 | 3026 | 54
34 | 3634 | 540 | 3034 | 60
35-39 | 19230 | 2220 | 16725 | 285
35 | 3926 | 543 | 3328 | 55
36 | 3799 | 448 | 3301 | 50
37 | 3759 | 409 | 3295 | 55
38 | 3819 | 410 | 3355 | 54
39 | 3927 | 410 | 3446 | 71
40-44 | 20938 | 1921 | 18709 | 308
40 | 4037 | 385 | 3597 | 55
41 | 3997 | 386 | 3552 | 59
42 | 4327 | 411 | 3849 | 67
43 | 4271 | 343 | 3864 | 64
44 | 4306 | 396 | 3847 | 63
45-49 | 20903 | 1591 | 18934 | 378
45 | 4370 | 360 | 3936 | 74
46 | 4291 | 349 | 3872 | 70
47 | 4204 | 338 | 3793 | 73
48 | 3961 | 280 | 3603 | 78
49 | 4077 | 264 | 3730 | 83
50-54 | 18626 | 1124 | 17206 | 296
50 | 4138 | 278 | 3786 | 74
51 | 3777 | 208 | 3519 | 50
52 | 3681 | 224 | 3398 | 59
53 | 3527 | 202 | 3273 | 52
54 | 3503 | 212 | 3230 | 61
55-59 | 17260 | 835 | 16129 | 296
55 | 3382 | 172 | 3155 | 55
56 | 3418 | 165 | 3198 | 55
57 | 3592 | 177 | 3346 | 69
58 | 3429 | 171 | 3195 | 63
59 | 3439 | 150 | 3235 | 54
60-64 | 17004 | 638 | 16004 | 362
60 | 3626 | 144 | 3417 | 65
61 | 3481 | 146 | 3273 | 62
62 | 3449 | 126 | 3248 | 75
63 | 3221 | 124 | 3041 | 56
64 | 3227 | 98 | 3025 | 104
65-69 | 14789 | 471 | 13981 | 337
65 | 3299 | 103 | 3133 | 63
66 | 2977 | 102 | 2805 | 70
67 | 2918 | 91 | 2765 | 62
68 | 2759 | 89 | 2600 | 70
69 | 2836 | 86 | 2678 | 72
70-74 | 13101 | 423 | 12319 | 359
70 | 2784 | 98 | 2625 | 61
71 | 2741 | 102 | 2560 | 79
72 | 2607 | 72 | 2456 | 79
73 | 2545 | 80 | 2389 | 76
74 | 2424 | 71 | 2289 | 64
75-79 | 10694 | 324 | 10075 | 295
75 | 2398 | 62 | 2279 | 57
76 | 2376 | 77 | 2231 | 68
77 | 2183 | 72 | 2057 | 54
78 | 1892 | 63 | 1768 | 61
79 | 1845 | 50 | 1740 | 55
80-84 | 7152 | 211 | 6678 | 263
80 | 1652 | 59 | 1537 | 56
81 | 1533 | 41 | 1429 | 63
82 | 1452 | 43 | 1363 | 46
83 | 1374 | 45 | 1287 | 42
84 | 1141 | 23 | 1062 | 56
85-89 | 4291 | 127 | 3937 | 227
85 | 1026 | 28 | 941 | 57
86 | 973 | 21 | 899 | 53
87 | 850 | 28 | 780 | 42
88 | 718 | 25 | 658 | 35
89 | 724 | 25 | 659 | 40
90 y más | 2742 | 94 | 2516 | 132
Mujer/Femenino | 156763 | 47531 | 104393 | 4839
0-4 | 6781 | 4303 | 205 | 2273
0 | 1103 | 173 | 57 | 873
1 | 1266 | 415 | 50 | 801
2 | 1295 | 808 | 38 | 449
3 | 1508 | 1359 | 31 | 118
4 | 1609 | 1548 | 29 | 32
5-9 | 8787 | 8606 | 114 | 67
5 | 1610 | 1578 | 18 | 14
6 | 1665 | 1636 | 16 | 13
7 | 1816 | 1773 | 28 | 15
8 | 1850 | 1809 | 27 | 14
9 | 1846 | 1810 | 25 | 11
10-14 | 9672 | 9405 | 203 | 64
10 | 1876 | 1840 | 22 | 14
11 | 1927 | 1887 | 30 | 10
12 | 1922 | 1866 | 42 | 14
13 | 1940 | 1881 | 49 | 10
14 | 2007 | 1931 | 60 | 16
15-19 | 10433 | 9073 | 1304 | 56
15 | 1992 | 1916 | 65 | 11
16 | 2112 | 2034 | 67 | 11
17 | 2130 | 1974 | 147 | 9
18 | 2110 | 1657 | 441 | 12
19 | 2089 | 1492 | 584 | 13
20-24 | 9882 | 5566 | 4210 | 106
20 | 1990 | 1346 | 612 | 32
21 | 2011 | 1311 | 679 | 21
22 | 1989 | 1142 | 828 | 19
23 | 1935 | 955 | 968 | 12
24 | 1957 | 812 | 1123 | 22
25-29 | 9254 | 2587 | 6539 | 128
25 | 1958 | 684 | 1241 | 33
26 | 1838 | 572 | 1239 | 27
27 | 1827 | 505 | 1298 | 24
28 | 1830 | 415 | 1395 | 20
29 | 1801 | 411 | 1366 | 24
30-34 | 9643 | 1810 | 7693 | 140
30 | 2028 | 410 | 1591 | 27
31 | 1822 | 393 | 1401 | 28
32 | 1955 | 354 | 1574 | 27
33 | 1900 | 318 | 1558 | 24
34 | 1938 | 335 | 1569 | 34
35-39 | 10030 | 1295 | 8596 | 139
35 | 2085 | 303 | 1754 | 28
36 | 1912 | 238 | 1654 | 20
37 | 1932 | 244 | 1662 | 26
38 | 2045 | 258 | 1761 | 26
39 | 2056 | 252 | 1765 | 39
40-44 | 10920 | 1217 | 9552 | 151
40 | 2058 | 216 | 1821 | 21
41 | 2138 | 251 | 1856 | 31
42 | 2238 | 259 | 1943 | 36
43 | 2261 | 219 | 2007 | 35
44 | 2225 | 272 | 1925 | 28
45-49 | 11205 | 1014 | 9994 | 197
45 | 2346 | 232 | 2070 | 44
46 | 2315 | 226 | 2051 | 38
47 | 2242 | 216 | 1996 | 30
48 | 2115 | 176 | 1896 | 43
49 | 2187 | 164 | 1981 | 42
50-54 | 10152 | 725 | 9286 | 141
50 | 2290 | 183 | 2061 | 46
51 | 2051 | 135 | 1894 | 22
52 | 1943 | 154 | 1767 | 22
53 | 1952 | 132 | 1799 | 21
54 | 1916 | 121 | 1765 | 30
55-59 | 9331 | 526 | 8648 | 157
55 | 1804 | 114 | 1664 | 26
56 | 1789 | 100 | 1661 | 28
57 | 1980 | 115 | 1829 | 36
58 | 1839 | 96 | 1706 | 37
59 | 1919 | 101 | 1788 | 30
60-64 | 9320 | 383 | 8751 | 186
60 | 1987 | 93 | 1860 | 34
61 | 1945 | 88 | 1827 | 30
62 | 1885 | 77 | 1768 | 40
63 | 1719 | 63 | 1627 | 29
64 | 1784 | 62 | 1669 | 53
65-69 | 8113 | 295 | 7629 | 189
65 | 1742 | 65 | 1646 | 31
66 | 1641 | 61 | 1538 | 42
67 | 1589 | 60 | 1493 | 36
68 | 1560 | 55 | 1467 | 38
69 | 1581 | 54 | 1485 | 42
70-74 | 7498 | 235 | 7047 | 216
70 | 1564 | 56 | 1467 | 41
71 | 1523 | 48 | 1428 | 47
72 | 1496 | 35 | 1409 | 52
73 | 1466 | 55 | 1372 | 39
74 | 1449 | 41 | 1371 | 37
75-79 | 6356 | 203 | 5961 | 192
75 | 1425 | 37 | 1350 | 38
76 | 1389 | 47 | 1303 | 39
77 | 1290 | 45 | 1209 | 36
78 | 1139 | 45 | 1050 | 44
79 | 1113 | 29 | 1049 | 35
80-84 | 4516 | 133 | 4205 | 178
80 | 1027 | 37 | 957 | 33
81 | 949 | 27 | 881 | 41
82 | 932 | 31 | 867 | 34
83 | 877 | 27 | 823 | 27
84 | 731 | 11 | 677 | 43
85-89 | 2886 | 87 | 2637 | 162
85 | 695 | 19 | 632 | 44
86 | 652 | 15 | 598 | 39
87 | 532 | 20 | 488 | 24
88 | 505 | 19 | 459 | 27
89 | 502 | 14 | 460 | 28
90 y más | 1984 | 68 | 1819 | 97
Varón/Masculino | 139215 | 44445 | 90275 | 4495
0-4 | 6967 | 4365 | 225 | 2377
0 | 1206 | 140 | 63 | 1003
1 | 1271 | 434 | 55 | 782
2 | 1428 | 904 | 48 | 476
3 | 1497 | 1359 | 37 | 101
4 | 1565 | 1528 | 22 | 15
5-9 | 9160 | 8961 | 145 | 54
5 | 1699 | 1663 | 25 | 11
6 | 1768 | 1736 | 23 | 9
7 | 1901 | 1855 | 32 | 14
8 | 1898 | 1861 | 26 | 11
9 | 1894 | 1846 | 39 | 9
10-14 | 10021 | 9755 | 222 | 44
10 | 1871 | 1840 | 24 | 7
11 | 2026 | 1972 | 45 | 9
12 | 2063 | 2006 | 48 | 9
13 | 2023 | 1964 | 51 | 8
14 | 2038 | 1973 | 54 | 11
15-19 | 10706 | 9065 | 1576 | 65
15 | 2067 | 1967 | 80 | 20
16 | 2161 | 2071 | 80 | 10
17 | 2256 | 2069 | 180 | 7
18 | 2216 | 1668 | 536 | 12
19 | 2006 | 1290 | 700 | 16
20-24 | 10065 | 4914 | 5015 | 136
20 | 2026 | 1187 | 806 | 33
21 | 2027 | 1121 | 877 | 29
22 | 2078 | 1034 | 1021 | 23
23 | 2016 | 855 | 1140 | 21
24 | 1918 | 717 | 1171 | 30
25-29 | 9139 | 2256 | 6741 | 142
25 | 1958 | 630 | 1300 | 28
26 | 1832 | 485 | 1319 | 28
27 | 1914 | 470 | 1411 | 33
28 | 1740 | 364 | 1352 | 24
29 | 1695 | 307 | 1359 | 29
30-34 | 8738 | 1331 | 7263 | 144
30 | 1818 | 340 | 1457 | 21
31 | 1727 | 261 | 1431 | 35
32 | 1749 | 275 | 1442 | 32
33 | 1748 | 250 | 1468 | 30
34 | 1696 | 205 | 1465 | 26
35-39 | 9200 | 925 | 8129 | 146
35 | 1841 | 240 | 1574 | 27
36 | 1887 | 210 | 1647 | 30
37 | 1827 | 165 | 1633 | 29
38 | 1774 | 152 | 1594 | 28
39 | 1871 | 158 | 1681 | 32
40-44 | 10018 | 704 | 9157 | 157
40 | 1979 | 169 | 1776 | 34
41 | 1859 | 135 | 1696 | 28
42 | 2089 | 152 | 1906 | 31
43 | 2010 | 124 | 1857 | 29
44 | 2081 | 124 | 1922 | 35
45-49 | 9698 | 577 | 8940 | 181
45 | 2024 | 128 | 1866 | 30
46 | 1976 | 123 | 1821 | 32
47 | 1962 | 122 | 1797 | 43
48 | 1846 | 104 | 1707 | 35
49 | 1890 | 100 | 1749 | 41
50-54 | 8474 | 399 | 7920 | 155
50 | 1848 | 95 | 1725 | 28
51 | 1726 | 73 | 1625 | 28
52 | 1738 | 70 | 1631 | 37
53 | 1575 | 70 | 1474 | 31
54 | 1587 | 91 | 1465 | 31
55-59 | 7929 | 309 | 7481 | 139
55 | 1578 | 58 | 1491 | 29
56 | 1629 | 65 | 1537 | 27
57 | 1612 | 62 | 1517 | 33
58 | 1590 | 75 | 1489 | 26
59 | 1520 | 49 | 1447 | 24
60-64 | 7684 | 255 | 7253 | 176
60 | 1639 | 51 | 1557 | 31
61 | 1536 | 58 | 1446 | 32
62 | 1564 | 49 | 1480 | 35
63 | 1502 | 61 | 1414 | 27
64 | 1443 | 36 | 1356 | 51
65-69 | 6676 | 176 | 6352 | 148
65 | 1557 | 38 | 1487 | 32
66 | 1336 | 41 | 1267 | 28
67 | 1329 | 31 | 1272 | 26
68 | 1199 | 34 | 1133 | 32
69 | 1255 | 32 | 1193 | 30
70-74 | 5603 | 188 | 5272 | 143
70 | 1220 | 42 | 1158 | 20
71 | 1218 | 54 | 1132 | 32
72 | 1111 | 37 | 1047 | 27
73 | 1079 | 25 | 1017 | 37
74 | 975 | 30 | 918 | 27
75-79 | 4338 | 121 | 4114 | 103
75 | 973 | 25 | 929 | 19
76 | 987 | 30 | 928 | 29
77 | 893 | 27 | 848 | 18
78 | 753 | 18 | 718 | 17
79 | 732 | 21 | 691 | 20
80-84 | 2636 | 78 | 2473 | 85
80 | 625 | 22 | 580 | 23
81 | 584 | 14 | 548 | 22
82 | 520 | 12 | 496 | 12
83 | 497 | 18 | 464 | 15
84 | 410 | 12 | 385 | 13
85-89 | 1405 | 40 | 1300 | 65
85 | 331 | 9 | 309 | 13
86 | 321 | 6 | 301 | 14
87 | 318 | 8 | 292 | 18
88 | 213 | 6 | 199 | 8
89 | 222 | 11 | 199 | 12
90 y más | 758 | 26 | 697 | 35
Nota: de acuerdo con la evaluación de calidad y consistencia de los resultados definitivos, y para cumplir con los estándares de calidad estadística requeridos por el INDEC, la categoría X de las respuestas a la pregunta por sexo registrado al nacer se redistribuye entre las categorías Mujer/Femenino y Varón/Masculino.
Fuente: INDEC, Censo Nacional de Población, Hogares y Viviendas 2022. Resultados definitivos.