A.4 Remuneración empleo asalariado registrado sector privado, por todo concepto, pesos corrientes. Total país. Columnas: período | mediana c/est | mediana s/est | promedio c/est | promedio s/est
2009-01-01 00:00:00 | 2050 | 2044.8969864086048 | 2907.11 | 2744.8236605521056
2009-02-01 00:00:00 | 2014.08 | 2085.7043522120716 | 2791.44 | 2786.5539847250516
2009-03-01 00:00:00 | 2025.53 | 2088.747433360726 | 2869.86 | 2766.472970863677
2009-04-01 00:00:00 | 2157.8 | 2202.6466808120526 | 2885.72 | 2843.083019414012
2009-05-01 00:00:00 | 2223.66 | 2226.0589365646515 | 2886.88 | 2872.12694006081
2009-06-01 00:00:00 | 3263.85 | 2254.452459109773 | 4245.81 | 2929.1153477604407
2009-07-01 00:00:00 | 2277.19 | 2250.08081753292 | 2991.46 | 2952.6217854542724
2009-08-01 00:00:00 | 2286.15 | 2290.768696641743 | 3026.88 | 3011.0293452457195
2009-09-01 00:00:00 | 2322 | 2287.6993292205125 | 3112.32 | 3055.6181677404575
2009-10-01 00:00:00 | 2334.71 | 2319.638875381428 | 3135.62 | 3098.820470722754
2009-11-01 00:00:00 | 2321.91 | 2366.8247702915264 | 3110.03 | 3143.7093541665963
2009-12-01 00:00:00 | 3501.62 | 2397.6865021666713 | 4723.81 | 3221.0186735731886
2010-01-01 00:00:00 | 2481.36 | 2496.7823400999264 | 3468.61 | 3289.1188689646137
2010-02-01 00:00:00 | 2474.04 | 2569.0915948104066 | 3376.54 | 3377.697208832786
2010-03-01 00:00:00 | 2534.38 | 2602.6811621323227 | 3578.79 | 3432.591077337822
2010-04-01 00:00:00 | 2557.3 | 2615.0353010149356 | 3546.73 | 3493.5515880510375
2010-05-01 00:00:00 | 2635.36 | 2640.0501370299053 | 3575.29 | 3550.966845712489
2010-06-01 00:00:00 | 4200 | 2888.316857767153 | 5323 | 3666.2083511432143
2010-07-01 00:00:00 | 2897.92 | 2857.3509245485466 | 3796.59 | 3750.3392008631845
2010-08-01 00:00:00 | 2943.55 | 2943.915522190889 | 3875.35 | 3851.283151109103
2010-09-01 00:00:00 | 3064.54 | 3029.3052658585652 | 4013.63 | 3946.35973632285
2010-10-01 00:00:00 | 3086.84 | 3099.0349749415955 | 4055.92 | 4031.363720172492
2010-11-01 00:00:00 | 3123.44 | 3145.8573512653147 | 4099.69 | 4124.020658038327
2010-12-01 00:00:00 | 4766.23 | 3263.804531250149 | 6166.26 | 4208.309675935096
2011-01-01 00:00:00 | 3330.81 | 3363.056798042406 | 4608.69 | 4370.470419221517
2011-02-01 00:00:00 | 3281.56 | 3415.5289186977175 | 4365.13 | 4376.890289505545
2011-03-01 00:00:00 | 3418.64 | 3515.2582936539907 | 4757.17 | 4554.998407629203
2011-04-01 00:00:00 | 3427.54 | 3507.1207187018344 | 4633.46 | 4575.93753993062
2011-05-01 00:00:00 | 3601.48 | 3589.172440347095 | 4862.15 | 4797.40424238576
2011-06-01 00:00:00 | 5527.12 | 3808.468531763092 | 7042.69 | 4851.121243988792
2011-07-01 00:00:00 | 3913.73 | 3874.5092018399278 | 5019.54 | 4957.513939995037
2011-08-01 00:00:00 | 3972.79 | 3951.9027741049176 | 5114.96 | 5078.243924050547
2011-09-01 00:00:00 | 4176.76 | 4130.550745400608 | 5277.16 | 5206.102708004258
2011-10-01 00:00:00 | 4189.98 | 4228.217326343006 | 5332.89 | 5317.636148517994
2011-11-01 00:00:00 | 4259.99 | 4271.66359889145 | 5402.56 | 5421.132292390188
2011-12-01 00:00:00 | 6480.21 | 4427.80249673877 | 8130.47 | 5564.256258553226
2012-01-01 00:00:00 | 4513.45 | 4556.5485525297445 | 6028.03 | 5701.614388956568
2012-02-01 00:00:00 | 4483.49 | 4512.0496396416665 | 5824.77 | 5642.416953142064
2012-03-01 00:00:00 | 4540.95 | 4692.000480537334 | 6145.19 | 5900.3759804578
2012-04-01 00:00:00 | 4682.46 | 4824.930877664912 | 6087.02 | 6002.771495904191
2012-05-01 00:00:00 | 5049.43 | 4985.497499906048 | 6278.22 | 6156.067684830838
2012-06-01 00:00:00 | 7396.13 | 5090.503860637137 | 9107.16 | 6304.556254998423
2012-07-01 00:00:00 | 5301.21 | 5218.731960155039 | 6612.18 | 6476.443871261043
2012-08-01 00:00:00 | 5341.93 | 5327.207645409998 | 6609.57 | 6575.731807209319
2012-09-01 00:00:00 | 5358.82 | 5354.252149376759 | 6695.82 | 6678.25663453793
2012-10-01 00:00:00 | 5425.52 | 5432.271288806433 | 6858.57 | 6809.786224923659
2012-11-01 00:00:00 | 5694.83 | 5702.6198299597845 | 7006.19 | 7005.20933883783
2012-12-01 00:00:00 | 8454.58 | 5826.755848822781 | 10426.35 | 7156.30177771085
2013-01-01 00:00:00 | 5890.8 | 5920.980998559954 | 7722.74 | 7293.591645971756
2013-02-01 00:00:00 | 5818.99 | 6072.555177360756 | 7426.73 | 7451.868749468881
2013-03-01 00:00:00 | 5869.75 | 6128.627873536845 | 7840.12 | 7558.333522240293
2013-04-01 00:00:00 | 5983 | 6073.364766156566 | 7730.75 | 7583.390968877044
2013-05-01 00:00:00 | 6500 | 6417.27436067435 | 8037.64 | 7874.632659391458
2013-06-01 00:00:00 | 9360.43 | 6499.685590910714 | 11545.88 | 8032.752585020686
2013-07-01 00:00:00 | 6728.92 | 6553.89516324551 | 8365.09 | 8137.881641078331
2013-08-01 00:00:00 | 6767.94 | 6754.064641727694 | 8291.44 | 8284.147756304472
2013-09-01 00:00:00 | 6810.9 | 6843.664122150987 | 8459.22 | 8434.208625511845
2013-10-01 00:00:00 | 6899.5 | 6897.39427281559 | 8638.46 | 8585.9138480575
2013-11-01 00:00:00 | 7154.93 | 7149.1955165033105 | 8786.8 | 8797.151719160665
2013-12-01 00:00:00 | 10668.4 | 7337.650448545344 | 13174.71 | 9006.031928671897
2014-01-01 00:00:00 | 7411 | 7487.645097243438 | 9713.2 | 9188.048244969132
2014-02-01 00:00:00 | 7380.13 | 7695.56572874746 | 9428.09 | 9442.32541209841
2014-03-01 00:00:00 | 7579.12 | 7946.097784878664 | 10097.4 | 9743.923558096069
2014-04-01 00:00:00 | 8219.33 | 8285.076246458928 | 10327.23 | 10104.215522168925
2014-05-01 00:00:00 | 8486.74 | 8366.262030883037 | 10398.99 | 10233.686013378645
2014-06-01 00:00:00 | 12175.5 | 8475.917298672297 | 15007.04 | 10430.986806414898
2014-07-01 00:00:00 | 9156.57 | 8882.680344618611 | 11094.08 | 10766.894268553418
2014-08-01 00:00:00 | 8914.36 | 8963.0137084442 | 11002.19 | 11029.591287767702
2014-09-01 00:00:00 | 9301.8 | 9298.008006256281 | 11382.62 | 11344.725298025829
2014-10-01 00:00:00 | 9528.8 | 9537.371741646193 | 11734.64 | 11655.770802221234
2014-11-01 00:00:00 | 9664.3 | 9729.104263829764 | 11850.1 | 11894.733744463134
2014-12-01 00:00:00 | 14302.11 | 9795.823735015152 | 17751.6 | 12091.144848219541
2015-01-01 00:00:00 | 9826.7 | 9929.575732290656 | 13089.84 | 12410.053562371666
feb-15 | 9808.24 | 10200.322210802657 | 12694.8 | 12674.117128484904
mar-15 | 9889.76 | 10336.733174429652 | 13338.17 | 12842.682760370106
abr-15 | 10051.69 | 10094.524531330864 | 13093.16 | 12796.541800279863
may-15 | 10884.99 | 10807.48253926115 | 13454.92 | 13314.244770511157
jun-15 | 16196.68 | 11181.864737348498 | 20156.66 | 13987.178879667343
jul-15 | 11955.24 | 11633.528260919087 | 14583.64 | 14151.059061889126
ago-15 | 11565.12 | 11654.690836703045 | 14434.43 | 14465.735434699758
sep-15 | 12237.17 | 12280.736105377548 | 14957.68 | 14942.900795529902
oct-15 | 11810.7 | 11787.42337937716 | 15013.59 | 14953.686194294542
nov-15 | 12307.97 | 12423.97681099206 | 15303.76 | 15325.303255707446
dic-15 | 18553.23 | 12729.097286668824 | 23203.6 | 15792.436775666034
ene-16 | 12687.98 | 12870.474003027619 | 16866.10457882607 | 16000.51372988325
feb-16 | 12877.37 | 12892.57073111729 | 16779.26038142525 | 16113.09120171525
mar-16 | 13233.78 | 13666.03736852374 | 17576.2936972755 | 16858.05331428648
abr-16 | 14231.13 | 14231.833096392875 | 17798.78130438711 | 17433.331365712795
may-16 | 14824 | 14733.427342258849 | 18128.704128074656 | 17897.575502690648
jun-16 | 21632.065000000002 | 14973.21011010328 | 26326.315403341676 | 18299.276074018846
jul-16 | 15302.69 | 15041.38873303479 | 19147.223427919453 | 18760.2540019855
ago-16 | 15460.705 | 15452.300312076417 | 19304.549892857063 | 19232.017454333436
sep-16 | 15483.91 | 15604.07577542189 | 19538.657823303867 | 19571.054494928103
oct-16 | 16239.88 | 16311.667964990645 | 20209.04721800345 | 20177.552647018772
nov-16 | 16565.86 | 16593.85388251713 | 20679.63633158831 | 20655.59380373923
dic-16 | 24811.37 | 17119.826269415455 | 31181.920881228358 | 21302.48445916923
ene-17 | 17632 | 17770.402016946915 | 23149.704032809957 | 21795.467714276165
feb-17 | 17391.31 | 17972.911016322483 | 22287.30297369328 | 22115.458314132105
mar-17 | 17628.12 | 18133.783825675688 | 23420.15373530013 | 22378.488709950994
abr-17 | 18425.48 | 18510.282434778135 | 23056.485262773014 | 22654.926738336355
may-17 | 18878.45 | 18672.355665906423 | 23275.42787150114 | 22919.466056672354
Jun-17 | 27812.88 | 19229.945963764625 | 34215.97754404874 | 23813.95292627447
Jul-17 | 20405.15 | 20236.808966829172 | 24880.928445936042 | 24507.66016309393
ago-17 | 20509.6 | 20497.532115959155 | 24911.782346448832 | 24857.242480910798
sep-17 | 20557.35 | 20754.51981552644 | 25118.445697676812 | 25273.715832470505
oct-17 | 20945.31 | 20924.455957711765 | 25836.75571874979 | 25688.733980213085
nov-17 | 20991.61 | 21125.73009590218 | 26075.652536574646 | 26042.71327047407
dic-17 | 31028.67 | 21657.89591793815 | 38563.67721876944 | 26518.20477780736
ene-18 | 21865 | 21766.73414085881 | 28795.139188535133 | 26932.045256950463
feb-18 | 21737.86 | 22412.76028389237 | 27724.878411126843 | 27422.926858656883
mar-18 | 22049.94 | 22490.28482265006 | 29174.536250615645 | 27804.713924127638
abr-18 | 23121.05 | 23235.94359909877 | 29146.481043466247 | 28456.521873284317
may-18 | 23687.66 | 23413.955202741636 | 29453.375658827765 | 29015.897377635883
jun-18 | 34649.31 | 23984.668995055465 | 42512.181887360304 | 29710.648026135983
jul-18 | 24398.67 | 24298.247511953767 | 30591.83637160002 | 30258.270544643052
ago-18 | 25315.59 | 25376.36312189024 | 31293.17047671858 | 31293.18569428969
sep-18 | 25397.625 | 25795.69595357026 | 32034.89541287356 | 32372.265598976588
oct-18 | 26980.88 | 26756.250555362007 | 33586.96373429442 | 33212.73311995668
nov-18 | 28601.71 | 28771.878916313093 | 35225.64231990577 | 35143.51775795235
dic-18 | 41098.505000000005 | 28871.42546292088 | 51732.16898481005 | 35762.119589150294
ene-19 | 30357.74 | 30092.525134836575 | 39454.58071799599 | 36835.31839782071
feb-19 | 29558.08 | 30441.109226450142 | 38365.91604121781 | 37797.510940891916
mar-19 | 31011.74 | 31620.316823914916 | 41439.23097593662 | 39359.91798659558
abr-19 | 31686.864999999998 | 31487.02913127997 | 41133.9884265174 | 39895.93249538911
may-19 | 33383 | 33027.85148723184 | 42462.10016139577 | 41875.57898352348
jun-19 | 48913.31 | 34166.00905447672 | 61343.26937996325 | 43095.69184995116
jul-19 | 35454.11 | 35365.98295635881 | 45090.724995546414 | 44642.46240021397
ago-19 | 36145 | 36194.031322611285 | 46149.952702700044 | 46358.755219532504
sep-19 | 37476.24 | 37975.216547788776 | 47494.73954575277 | 47865.97587591747
oct-19 | 39623.51 | 39239.66882368136 | 51085.49216438733 | 50383.43395175213
nov-19 | 39828.43 | 40024.599723050065 | 51307.77588654591 | 51281.85699728717
dic-19 | 59149.26 | 41560.16436178218 | 76103.15136406099 | 52764.09096804761
ene-20 | 44309.725 | 44073.72830412241 | 59174.55358271618 | 55302.80744682314
feb-20 | 45298.01 | 45027.98367134334 | 59859.77266260431 | 56870.70447550577
mar-20 | 46338.19 | 46926.68120781967 | 61896.580723787476 | 58293.3023851463
abr-20 | 44895.56 | 44658.87965360966 | 57845.259066480656 | 55825.44097074379
may-20 | 45638.425 | 45314.705980223094 | 57342.538342523316 | 56980.931926058096
jun-20 | 68707.235 | 47711.992400238014 | 85458.22372131092 | 59731.64548201306
jul-20 | 47636.79 | 47849.57575754164 | 60868.41622453812 | 60446.123539588516
ago-20 | 48338.92 | 48726.57233934619 | 61913.3480282837 | 62445.29389458535
sep-20 | 49478.015 | 49308.37853039121 | 64161.74593557209 | 64420.22672187052
oct-20 | 53377.2 | 53053.81195196494 | 68108.72949861233 | 67349.91971389882
nov-20 | 53874.06 | 54555.91460057902 | 69308.3232229269 | 69214.67834203805
dic-20 | 80166.67 | 55939.11552643514 | 103375.19709824334 | 71627.15696724073
ene-21 | 57813.05 | 58192.727845356225 | 78852.76720440312 | 74468.22300825074
feb-21 | 60346.759999999995 | 62294.507147771474 | 79789.41790036715 | 78135.64903029533
mar-21 | 62883.425 | 63096.82331443564 | 85611.50705031109 | 80050.37063069083
abr-21 | 65156.48 | 64597.76485441543 | 86145.08949856261 | 82815.34536381927
may-21 | 68128.2 | 67543.91555479189 | 86697.12197282848 | 86071.17006258156
jun-21 | 99971.26 | 69434.20297163095 | 127132.85117371191 | 89126.50546174208
jul-21 | 72268 | 72877.72687620917 | 94460.7222163123 | 94150.13759762429
ago-21 | 75189.1 | 75380.45715875729 | 96663.93177401232 | 97140.90305881595
sep-21 | 77319.7 | 76973.78050371593 | 99916.2019081293 | 100045.0633930744
oct-21 | 79281.93 | 79488.9896013889 | 104455.59429117682 | 103933.18160348953
nov-21 | 83262.31 | 83475.48342482904 | 108278.84745911909 | 107889.05095898864
dic-21 | 121726.16 | 84995.87970207672 | 160794.05004048796 | 111454.79780150867
ene-22 | 89498.69 | 90809.0662419602 | 122700.73199273103 | 116402.99546876921
feb-22 | 91635.01000000001 | 94772.14221300298 | 123340.77111761941 | 120809.78141623124
mar-22 | 98681.94 | 98771.22522391472 | 136935.1480921834 | 127750.16094176313
abr-22 | 103832.32 | 102803.70696593757 | 138254.2999565547 | 132734.74474169538
may-22 | 111655.37 | 110221.53086190435 | 144485.41890339175 | 142692.51746164268
jun-22 | 165158.01 | 115155.24082200775 | 211726.8424179501 | 148320.02360315746
jul-22 | 119847.76000000001 | 121739.35243779956 | 157052.74764504106 | 157217.80774745205
ago-22 | 132656.83 | 131748.53122772317 | 167585.6957627368 | 167899.18639288214
sep-22 | 141428.1 | 140455.45274230134 | 179438.98010555984 | 179311.68928723526
oct-22 | 144779.58000000002 | 145746.01428511593 | 189111.68705435234 | 189157.3302129669
nov-22 | 155238.02 | 155734.62145548078 | 203119.44492676225 | 203069.96992642185
dic-22 | 245866.42 | 170988.35339517513 | 317848.34373875044 | 220616.56835881437
ene-23 | 171129.625 | 173957.9313376146 | 241706.31650662312 | 229489.0516982586
feb-23 | 180620.075 | 186867.02638594926 | 249422.72890812758 | 244126.70116774345
mar-23* | 198161.45 | 199009.36423659467 | 276739.7714574517 | 258139.77169978936
abr-23 | 218966.54 | 218229.8615441669 | 287934.52449078363 | 276292.8233061733
may-23 | 238171.285 | 233964.8031467507 | 303249.5710126509 | 298230.99481433746
jun-23 | 356955.27 | 248337.8711487548 | 458848.3793733415 | 320462.69729719893
jul-23 | 270081.58999999997 | 274497.23248971044 | 352070.0474414654 | 352028.00923144567
ago-23 | 312312.66 | 309238.8063508214 | 389265.2546816426 | 389994.2571521361
sep-23 | 342176.65 | 340383.32839605206 | 431695.0896687198 | 433084.8223494234
oct-23 | 365339.03 | 367352.3244267829 | 473146.30133314576 | 473865.2841691611
nov-23 | 404394.81 | 407837.4697051004 | 521738.97275143315 | 524293.9210326115
dic-23 | 647022.48 | 451005.2622419587 | 841141.5606705518 | 585518.1526394489
ene-24 | 547920.4 | 554435.2307529271 | 756220.42 | 716737.3663584334
feb-24 | 618024.2 | 616243.2884830661 | 858706.94 | 809311.205656173
mar-24 | 681345.43 | 689795.0063048406 | 948558.53 | 892101.1168709442
abr-24 | 786197.45 | 777187.6635704845 | 1056040.39 | 1003273.5447712336
may-24 | 826587.81 | 815641.1060672267 | 1076243.57 | 1060073.2275811348
jun-24 | 1258840.14 | 881171.2814884557 | 1627774.73 | 1137659.2981726117
jul-24 | 934748 | 938647.9975182095 | 1219882.02 | 1209157.1178392859
ago-24 | 969111.23 | 961047.5398654633 | 1259287.39 | 1266180.5184024414
sep-24 | 1000000 | 1006011.1680230371 | 1304720.66 | 1314225.847503245
oct-24 | 1063668.82 | 1062331.3423550895 | 1377016.8 | 1378193.2598627748
nov-24 | 1077032.6 | 1088525.9794978637 | 1411221.7 | 1428460.537144708
dic-24 | 1640493.32 | 1138042.5676213354 | 2126399.66 | 1474739.2188046267
ene-25 | 1160615.17 | 1174791.7551431959 | 1597652.37 | 1514428.6709416804
feb-25 | 1159755.49 | 1197196.042063007 | 1595766.62 | 1553220.7633795245
mar-25 | 1202429.89 | 1220911.9136834727 | 1676933.44 | 1581334.2322453111
abr-25 | 1231190.59 | 1217060.4650663354 | 1682470.3 | 1595746.7410291263
may-25 | 1252643.49 | 1241705.1769536298 | 1636412.74 | 1622338.8270929495
jun-25 | 1871281.36 | 1307383.330294407 | 2423360.07 | 1681696.420759806
jul-25 | 1317518.58 | 1316767.1956426129 | 1745113.96 | 1725796.5937813055
ago-25 | 1344440.59 | 1345129.7795832255 | 1751316.99 | 1766059.477718197
sep-25* | 1355602.14 | 1354736.0286821646 | 1788882 | 1800901.9379861827
oct-25* | 1391747.46 | 1393305.2075809909 | 1832053.92 | 1836101.0523447166
nov-25* | 1393622.02 | 1422386.163902132 | 1845030.04 | 1878568.3628455787
dic-25* | 2145000 | 1475203.8183968654 | 2798896.7 | 1935029.08131465
ene-26* | 1503846.42 | 1518998.4013766919 | 2096646.76 | 1991873.448622612
feb-26* | 1510676.85 | 1556565.3578736563 | 2100775.86 | 2039571.5395188546
mar-26* | 1537305 | 1556538.7903958682 | 2172062.75 | 2046718.8365555918
abr-26* | 1602165.44 | 1590798.4976436535 | 2231219.97 | 2113709.278172509
may-26* | 1608682.59 | 1612434.8701227885 | 2151326.68 | 2143568.7833508677
jun-26* | 2416818.051230279 | 1668429.889293112 | 3162523.4037033543 | 2184021.058534571