mes;n_dias_21h;T18_media;T20_media;T21_media;T22_media;viento21_kmh;sens21_media;pct21_lt10;pct21_lt12;pct21_lt14;pct_sens21_lt10;pct22_lt10
Ene;291;28.0;26.0;25.2;24.5;14.5;25.2;0;0;0;0;0
Feb;267;27.2;25.2;24.3;23.8;12.6;24.3;0;0;0;0;0
Mar;283;24.6;22.6;22.0;21.5;11.6;22.0;0;1;1;0;0
Abr;291;20.4;18.5;18.0;17.5;9.9;18.0;1;3;12;2;2
May;299;16.0;14.4;13.9;13.5;8.9;13.8;14;29;48;15;17
Jun;293;13.4;11.7;11.2;10.7;8.6;10.7;39;61;77;43;45
Jul;304;13.0;11.3;10.9;10.5;9.9;10.3;36;61;83;42;40
Ago;294;15.1;13.2;12.5;12.1;10.5;12.2;21;44;67;23;26
Sep;262;17.4;15.6;15.1;14.5;12.9;15.0;3;13;33;4;7
Oct;273;20.1;18.1;17.5;16.9;12.9;17.5;0;3;11;0;1
Nov;247;24.0;21.9;21.2;20.5;14.2;21.2;0;0;1;0;0
Dic;274;26.3;24.2;23.4;22.7;13.9;23.4;0;0;0;0;0
# años con datos: 2015 - 2025 | observaciones usadas: 13656
